#!/usr/bin/env perl6
#u# http://rosettacode.org/wiki/Cuban_primes
#c# 2019-02-03 <RC, 2019-02-05 <RC
#m# MOAR: OK
#j# JVM:  OK
#n# OEIS:A002407
#n# concurrency doesn't really help here; turn off for JVM's sake

my @res;

sub comma { $^i.flip.comb(3).join(',').flip }

my \k = 2**128;
put "First 10 cuban primes where k = {k}:";
@res.push: .&comma for (lazy (0..Inf).map({ (($_+k)³ - .³)/k }).grep: *.is-prime)[^10];

.say for @res;

#First 10 cuban primes where k = 340282366920938463463374607431768211456:
my $ref = q:to/END/;
115,792,089,237,316,195,423,570,985,008,687,908,160,544,961,995,247,996,546,884,854,518,799,824,856,507
115,792,089,237,316,195,423,570,985,008,687,908,174,836,821,405,927,412,012,346,588,030,934,089,763,531
115,792,089,237,316,195,423,570,985,008,687,908,219,754,093,839,491,289,189,512,036,211,927,493,764,691
115,792,089,237,316,195,423,570,985,008,687,908,383,089,629,961,541,751,651,931,847,779,176,235,685,011
115,792,089,237,316,195,423,570,985,008,687,908,491,299,422,642,400,183,033,284,972,942,478,527,291,811
115,792,089,237,316,195,423,570,985,008,687,908,771,011,528,251,411,600,000,178,900,251,391,998,361,371
115,792,089,237,316,195,423,570,985,008,687,908,875,137,932,529,218,769,819,971,530,125,513,071,648,307
115,792,089,237,316,195,423,570,985,008,687,908,956,805,700,590,244,001,051,181,435,909,137,442,897,427
115,792,089,237,316,195,423,570,985,008,687,909,028,264,997,643,641,078,378,490,103,469,808,767,771,907
115,792,089,237,316,195,423,570,985,008,687,909,158,933,426,541,281,448,348,425,952,723,607,761,904,131
END

use Test;
is @res.join("\n"), chomp $ref;
