#!/usr/bin/env perl6
#u# http://rosettacode.org/wiki/Jacobi_symbol
#c# 2020-01-07 <RC
#m# MOAR: OK
#j# JVM:  OK

my @res;

# Jacobi function
sub infix:<J> (Int $k is copy, Int $n is copy where * % 2) {
    $k %= $n;
    my $jacobi = 1;
    while $k {
        while $k %% 2 {
            $k div= 2;
            $jacobi *= -1 if $n % 8 == 3 | 5;
        }
        ($k, $n) = $n, $k;
        $jacobi *= -1 if 3 == $n%4 & $k%4;
        $k %= $n;
    }
    $n == 1 ?? $jacobi !! 0
}

my $maxa = 30;
my $maxn = 29;

@res.push: 'n\k ' ~ (1..$maxa).fmt: '%3d';
@res.push: '   '~ '-' x 4 * $maxa;
for 1,*+2 … $maxn -> $n {
    my $l;
    $l ~= $n.fmt: '%3d';
    for 1..$maxa -> $k {
        $l ~= ($k J $n).fmt: '%4d';
    }
#    $l ~= "\n";
    @res.push: $l;
}

.say for @res;

my $ref = q:to/END/;
n\k   1   2   3   4   5   6   7   8   9  10  11  12  13  14  15  16  17  18  19  20  21  22  23  24  25  26  27  28  29  30
   ------------------------------------------------------------------------------------------------------------------------
  1   1   1   1   1   1   1   1   1   1   1   1   1   1   1   1   1   1   1   1   1   1   1   1   1   1   1   1   1   1   1
  3   1  -1   0   1  -1   0   1  -1   0   1  -1   0   1  -1   0   1  -1   0   1  -1   0   1  -1   0   1  -1   0   1  -1   0
  5   1  -1  -1   1   0   1  -1  -1   1   0   1  -1  -1   1   0   1  -1  -1   1   0   1  -1  -1   1   0   1  -1  -1   1   0
  7   1   1  -1   1  -1  -1   0   1   1  -1   1  -1  -1   0   1   1  -1   1  -1  -1   0   1   1  -1   1  -1  -1   0   1   1
  9   1   1   0   1   1   0   1   1   0   1   1   0   1   1   0   1   1   0   1   1   0   1   1   0   1   1   0   1   1   0
 11   1  -1   1   1   1  -1  -1  -1   1  -1   0   1  -1   1   1   1  -1  -1  -1   1  -1   0   1  -1   1   1   1  -1  -1  -1
 13   1  -1   1   1  -1  -1  -1  -1   1   1  -1   1   0   1  -1   1   1  -1  -1  -1  -1   1   1  -1   1   0   1  -1   1   1
 15   1   1   0   1   0   0  -1   1   0   0  -1   0  -1  -1   0   1   1   0   1   0   0  -1   1   0   0  -1   0  -1  -1   0
 17   1   1  -1   1  -1  -1  -1   1   1  -1  -1  -1   1  -1   1   1   0   1   1  -1   1  -1  -1  -1   1   1  -1  -1  -1   1
 19   1  -1  -1   1   1   1   1  -1   1  -1   1  -1  -1  -1  -1   1   1  -1   0   1  -1  -1   1   1   1   1  -1   1  -1   1
 21   1  -1   0   1   1   0   0  -1   0  -1  -1   0  -1   0   0   1   1   0  -1   1   0   1  -1   0   1   1   0   0  -1   0
 23   1   1   1   1  -1   1  -1   1   1  -1  -1   1   1  -1  -1   1  -1   1  -1  -1  -1  -1   0   1   1   1   1  -1   1  -1
 25   1   1   1   1   0   1   1   1   1   0   1   1   1   1   0   1   1   1   1   0   1   1   1   1   0   1   1   1   1   0
 27   1  -1   0   1  -1   0   1  -1   0   1  -1   0   1  -1   0   1  -1   0   1  -1   0   1  -1   0   1  -1   0   1  -1   0
 29   1  -1  -1   1   1   1   1  -1   1  -1  -1  -1   1  -1  -1   1  -1  -1  -1   1  -1   1   1   1   1  -1  -1   1   0   1
END

use Test;
is @res.join("\n"), chomp $ref;
