 8  1  6
 3  5  7
 4  9  2
The magic number is 15

 1 15 14  4
12  6  7  9
 8 10 11  5
13  3  2 16
The magic number is 34

17 24  1  8 15
23  5  7 14 16
 4  6 13 20 22
10 12 19 21  3
11 18 25  2  9
The magic number is 65

35  1  6 26 19 24
 3 32  7 21 23 25
31  9  2 22 27 20
 8 28 33 17 10 15
30  5 34 12 14 16
 4 36 29 13 18 11
The magic number is 111

30 39 48  1 10 19 28
38 47  7  9 18 27 29
46  6  8 17 26 35 37
 5 14 16 25 34 36 45
13 15 24 33 42 44  4
21 23 32 41 43  3 12
22 31 40 49  2 11 20
The magic number is 175

 1  2 62 61 60 59  7  8
 9 10 54 53 52 51 15 16
48 47 19 20 21 22 42 41
40 39 27 28 29 30 34 33
32 31 35 36 37 38 26 25
24 23 43 44 45 46 18 17
49 50 14 13 12 11 55 56
57 58  6  5  4  3 63 64
The magic number is 260

47 58 69 80  1 12 23 34 45
57 68 79  9 11 22 33 44 46
67 78  8 10 21 32 43 54 56
77  7 18 20 31 42 53 55 66
 6 17 19 30 41 52 63 65 76
16 27 29 40 51 62 64 75  5
26 28 39 50 61 72 74  4 15
36 38 49 60 71 73  3 14 25
37 48 59 70 81  2 13 24 35
The magic number is 369

 92  99   1   8  15  67  74  51  58  40
 98  80   7  14  16  73  55  57  64  41
  4  81  88  20  22  54  56  63  70  47
 85  87  19  21   3  60  62  69  71  28
 86  93  25   2   9  61  68  75  52  34
 17  24  76  83  90  42  49  26  33  65
 23   5  82  89  91  48  30  32  39  66
 79   6  13  95  97  29  31  38  45  72
 10  12  94  96  78  35  37  44  46  53
 11  18 100  77  84  36  43  50  27  59
The magic number is 505

 68  81  94 107 120   1  14  27  40  53  66
 80  93 106 119  11  13  26  39  52  65  67
 92 105 118  10  12  25  38  51  64  77  79
104 117   9  22  24  37  50  63  76  78  91
116   8  21  23  36  49  62  75  88  90 103
  7  20  33  35  48  61  74  87  89 102 115
 19  32  34  47  60  73  86  99 101 114   6
 31  44  46  59  72  85  98 100 113   5  18
 43  45  58  71  84  97 110 112   4  17  30
 55  57  70  83  96 109 111   3  16  29  42
 56  69  82  95 108 121   2  15  28  41  54
The magic number is 671

  1   2   3 141 140 139 138 137 136  10  11  12
 13  14  15 129 128 127 126 125 124  22  23  24
 25  26  27 117 116 115 114 113 112  34  35  36
108 107 106  40  41  42  43  44  45  99  98  97
 96  95  94  52  53  54  55  56  57  87  86  85
 84  83  82  64  65  66  67  68  69  75  74  73
 72  71  70  76  77  78  79  80  81  63  62  61
 60  59  58  88  89  90  91  92  93  51  50  49
 48  47  46 100 101 102 103 104 105  39  38  37
109 110 111  33  32  31  30  29  28 118 119 120
121 122 123  21  20  19  18  17  16 130 131 132
133 134 135   9   8   7   6   5   4 142 143 144
The magic number is 870

