
A Matrix
      1       3       5
      2       4       7
      1       1       0

P Matrix
      0       1       0
      1       0       0
      0       0       1

AP Matrix
      2       4       7
      1       3       5
      1       1       0

L Matrix
      1       0       0
    1/2       1       0
    1/2      -1       1

U Matrix
      2       4       7
      0       1     3/2
      0       0      -2

A Matrix
     11       9      24       2
      1       5       2       6
      3      17      18       1
      2       5       7       1

P Matrix
      1       0       0       0
      0       0       1       0
      0       1       0       0
      0       0       0       1

AP Matrix
     11       9      24       2
      3      17      18       1
      1       5       2       6
      2       5       7       1

L Matrix
      1       0       0       0
   3/11       1       0       0
   1/11   23/80       1       0
   2/11  37/160   1/278       1

U Matrix
     11       9      24       2
      0  160/11  126/11    5/11
      0       0 -139/40   91/16
      0       0       0  71/139
