
Original Matrix
     1      2     -1     -4
     2      3     -1    -11
    -2      0     -3     22

Reduced Row Echelon Form Matrix
     1      0      0     -8
     0      1      0      1
     0      0      1     -2



Original Matrix
     3      0     -3      1
   1/2    3/2     -3     -2
   1/5    4/5   -8/5   3/10

Reduced Row Echelon Form Matrix
     1      0      0  -41/2
     0      1      0  -217/6
     0      0      1  -125/6



Original Matrix
     1      2      3      4      3      1
     2      4      6      2      6      2
     3      6     18      9      9     -6
     4      8     12     10     12      4
     5     10     24     11     15     -4

Reduced Row Echelon Form Matrix
     1      2      0      0      3      4
     0      0      1      0      0     -1
     0      0      0      1      0      0
     0      0      0      0      0      0
     0      0      0      0      0      0



Original Matrix
     1      0      0      0      0      0      1      0      0      0      0     -1      0      0      0      0      0      0
     1      0      0      0      0      0      0      1      0      0      0      0     -1      0      0      0      0      0
     1      0      0      0      0      0      0      0      1      0      0      0      0     -1      0      0      0      0
     0      1      0      0      0      0      1      0      0      0      0      0      0      0     -1      0      0      0
     0      1      0      0      0      0      0      0      1      0      0     -1      0      0      0      0      0      0
     0      1      0      0      0      0      0      0      0      0      1      0      0      0      0      0     -1      0
     0      0      1      0      0      0      1      0      0      0      0      0     -1      0      0      0      0      0
     0      0      1      0      0      0      0      0      0      1      0      0      0      0     -1      0      0      0
     0      0      0      1      0      0      0      1      0      0      0      0      0      0      0     -1      0      0
     0      0      0      1      0      0      0      0      0      1      0      0     -1      0      0      0      0      0
     0      0      0      0      1      0      0      1      0      0      0      0      0     -1      0      0      0      0
     0      0      0      0      1      0      0      0      1      0      0      0      0      0      0      0     -1      0
     0      0      0      0      1      0      0      0      0      0      1      0      0      0      0     -1      0      0
     0      0      0      0      0      1      0      0      0      0      0      0      0      0      0      0      0      0
     0      0      0      0      0      0      0      0      0      1      0      0      0      0      0      0      0      0
     0      0      0      0      0      0      0      0      0      0      0      0      0      0      0      1      0      1
     0      0      0      0      0      1      0      0      0      0      1      0      0      0     -1      0      0      0

Reduced Row Echelon Form Matrix
     1      0      0      0      0      0      0      0      0      0      0      0      0      0      0      0      0  17/39
     0      1      0      0      0      0      0      0      0      0      0      0      0      0      0      0      0   4/13
     0      0      1      0      0      0      0      0      0      0      0      0      0      0      0      0      0  20/39
     0      0      0      1      0      0      0      0      0      0      0      0      0      0      0      0      0  28/39
     0      0      0      0      1      0      0      0      0      0      0      0      0      0      0      0      0  19/39
     0      0      0      0      0      1      0      0      0      0      0      0      0      0      0      0      0      0
     0      0      0      0      0      0      1      0      0      0      0      0      0      0      0      0      0   8/39
     0      0      0      0      0      0      0      1      0      0      0      0      0      0      0      0      0  11/39
     0      0      0      0      0      0      0      0      1      0      0      0      0      0      0      0      0    1/3
     0      0      0      0      0      0      0      0      0      1      0      0      0      0      0      0      0      0
     0      0      0      0      0      0      0      0      0      0      1      0      0      0      0      0      0  20/39
     0      0      0      0      0      0      0      0      0      0      0      1      0      0      0      0      0  25/39
     0      0      0      0      0      0      0      0      0      0      0      0      1      0      0      0      0  28/39
     0      0      0      0      0      0      0      0      0      0      0      0      0      1      0      0      0  10/13
     0      0      0      0      0      0      0      0      0      0      0      0      0      0      1      0      0  20/39
     0      0      0      0      0      0      0      0      0      0      0      0      0      0      0      1      0      1
     0      0      0      0      0      0      0      0      0      0      0      0      0      0      0      0      1  32/39


