#!/usr/bin/env raku
#u# https://www.rosettacode.org/wiki/Decreasing_contiguous_subsequences
#c# 2024-09-08 <RC
#m# MOAR: OK
#j# JVM:  OK
#n# Since percentages, no need to specify a span. The span is automatically 0-100.

my @res;

my @values =
90, 90, 90, 91, 91, 92, 92, 92, 91, 91, 91, 90, 90, 90, 89, 89, 88, 87, 87, 87, 86, 86, 86, 85, 85,
86, 86, 87, 87, 88, 89, 89, 89, 90, 90, 91, 91, 91, 92, 92, 92, 92, 92, 92, 92, 92, 92, 91, 91, 90,
90, 90, 90, 90, 89, 89, 89, 89, 88, 88, 88, 88, 88, 88, 88, 88, 88, 88, 88, 88, 89, 89, 89, 89, 89,
89, 90, 90, 90, 89, 89, 89, 89, 89, 89, 88, 88, 88, 88, 88, 88, 87, 88, 88, 88, 88, 88, 88, 88, 88,
88, 88, 88, 88, 88, 88, 88, 88, 88, 88, 88, 88, 88, 89, 89, 89, 89, 89, 88, 88, 88, 88, 88, 88, 89,
89, 89, 89, 89, 89, 89, 89, 88, 88, 88, 88, 88, 88, 88, 88, 87, 87, 87, 87, 87, 87, 87, 87, 87, 87,
87, 87, 88, 88, 88, 88, 88, 88, 88, 88, 88, 89, 89, 89, 89, 89, 89, 89, 88, 88, 88, 88, 88, 88, 88,
88, 88, 88, 88, 89, 89, 89, 89, 89, 89, 89, 89, 89, 89, 88, 88, 88, 87, 87, 87, 87, 86, 86, 86, 86,
86, 86, 87, 87, 87, 87, 87, 87, 87, 88, 88, 88, 88, 88, 88, 88, 88, 88, 89, 89, 89, 89, 89, 89, 89,
88, 88, 88, 88, 88, 87, 87, 87, 87, 87, 87, 87, 87, 87, 87, 87, 87, 87, 87, 87, 87, 87, 89, 89, 91,
94, 94, 95, 96, 96, 96, 97, 97, 96, 96, 96, 96, 95, 95, 94, 93, 93, 92, 92, 91, 91, 90, 89, 89, 88,
86, 86, 85, 83, 83, 81, 80, 80, 80, 79, 79, 79, 78, 78, 79, 81, 82, 82, 85, 89, 89, 91, 93, 93, 94,
95, 95, 95, 95, 95, 95, 95, 95, 95, 94, 94, 94, 94, 93, 93, 93, 92, 92, 91, 91, 91, 90, 90, 90, 88,
87, 87, 86, 85, 85, 84, 84, 84, 83, 84, 84, 84, 85, 86, 86, 87, 87, 87, 88, 88, 88, 89, 90, 90, 90,
91, 91, 92, 92, 92, 93, 94, 94, 94, 95, 95, 95, 95, 94, 94, 94, 93, 93, 93, 92, 92, 92, 91, 91, 90,
89, 89, 87, 86, 85, 85, 84, 83, 83, 82, 82, 82, 81, 81, 81, 81, 81, 81, 82, 85, 85, 86, 89, 89, 91,
92, 93, 93, 93, 94, 94, 94, 94, 94, 94, 94, 94, 94, 93, 93, 93, 92, 92, 92, 91, 91, 91, 90, 89, 89,
88, 88, 88, 87, 87, 87, 86, 86, 86, 85, 85, 85, 85, 85, 85, 86, 87, 87, 87, 88, 88, 88, 88, 88, 88,
89, 89, 89, 89, 89, 89, 90, 90, 90, 90, 91, 91, 92, 93, 93, 94, 94, 95, 95, 95, 96, 96, 96, 95, 95,
95, 94, 94, 93, 93, 93, 92, 90, 90, 89, 87, 87, 87, 85, 83, 83, 82, 81, 81, 81, 80, 80, 81, 81, 81,
81, 81, 81, 81, 81, 81, 81, 81, 81, 83, 86, 88, 88, 90, 91, 91, 91, 92, 92, 93, 93, 93, 94, 95, 95,
95, 96, 96, 96, 96, 96, 96, 96, 95, 95, 95, 95, 95, 94, 93, 93, 92, 92, 92, 91, 90, 90, 90, 90, 90,
91, 93, 93, 94, 94, 94, 94, 95, 94, 94, 94, 94, 94, 94, 93, 93, 93, 93, 93, 93, 92, 92, 92, 92, 92,
91, 91, 91, 91, 91, 91, 91, 91, 90, 90, 90, 90, 90, 90, 90, 90, 89, 89, 89, 89, 89, 89, 89, 89, 89,
89, 90, 90, 90, 90, 91, 91, 92, 93, 93, 93, 94, 94, 94, 94, 94, 94, 94, 94, 94, 95, 95, 95, 95, 95,
95, 95, 95, 95, 94, 93, 93, 93, 93, 93, 92, 92, 92, 91, 91, 91, 91, 90, 90, 90, 89, 89, 89, 88, 88,
88, 88, 88, 88, 88, 88, 88, 89, 89, 89, 89, 90, 90, 90, 90, 90, 90, 90, 90, 90, 90, 91, 91, 91, 91,
91, 91, 91, 91, 91, 91, 91, 91, 91, 91, 90, 90, 90, 90, 90, 90, 90, 90, 90, 90, 90, 90, 90, 91, 92,
92, 93, 93, 93, 93, 94, 94, 94, 93, 93, 93, 93, 93, 93, 92, 92, 92, 91, 91, 91, 90, 90, 90, 89, 88,
88, 87, 87, 87, 86, 86, 85, 85, 85, 86, 86, 86, 87, 87, 88, 88, 88, 89, 90, 90, 90, 91, 91, 91, 91,
91, 91, 91, 91, 91, 92, 92, 92, 93, 93, 93, 93, 93, 93, 93, 92, 92, 92, 91, 91, 90, 90, 90, 89, 88,
87, 87, 87, 86, 86, 86, 85, 85, 85, 85, 85, 85, 85, 85, 85, 85, 85, 86, 86, 86, 86, 87, 88, 88, 88,
89, 89, 90, 91, 91, 92, 93, 93, 93, 94, 94, 94, 94, 94, 94, 94, 94, 94, 93, 93, 93, 92, 92, 92, 91,
90, 90, 90, 89, 89, 88, 88, 88, 87, 87, 87, 87, 87, 87, 87, 87, 87, 87, 87, 87, 87, 87, 88, 88, 88,
90, 90, 91, 93, 93, 93, 93, 93, 94, 93, 93, 93, 93, 93, 93, 92, 92, 92, 91, 91, 91, 90, 90, 90, 89,
89, 89, 88, 87, 87, 87, 87, 87, 86, 87, 87, 87, 87, 87, 87, 87, 87, 87, 88, 88, 88, 88, 88, 88, 88,
89;

my @bins = 0^..^4, 4..^8, 8..^12, 12..^16, 16..^25, 25..100;

my @subseqs;

@values.map: {
    state $last = $_;
    state $incr = 0;
    ++$incr if $_ > $last;
    @subseqs[$incr].push: $_;
    $last = $_;
};

sub bin (@items, @bins, :&as) {
    my @classified;
    for @items {
        my $value = .&as;
        for @bins {
            state $index = 0;
            @classified[$index]++ if $value ∈ $_;
            ++$index;
        }
    }
    @classified
}

@res.push: "{.[0].gist}% : {.[1]}" for @bins Z flat @subseqs.&bin(@bins, :as{[R-] .minmax.bounds}), 0 xx *;

.say for @res;

my $ref = q:to/END/;
0^..^4% : 7
4..^8% : 6
8..^12% : 4
12..^16% : 2
16..^25% : 2
25..100% : 0
END

use Test;
is @res.join("\n"), chomp $ref;
